# base
0
000
0000
00000
000000
007
0101
012
0123
01234
012345
0439
0738
0800
0859
1
10
100
1000
1000000
1001
1004
1010
1020
102030
10203040
1020304050
1080
11
110
111
1111
111111
1112
1122
12
1212
123
123123
123321
1234
12345
123456
1234567
12345678
123456789
1234567890
13
1313
134679
14
142536
15
16
17
172839
18
180
19
1929
1930
1931
1932
1933
1934
1935
1936
1937
1938
1939
1940
1941
1942
1943
1944
1945
1946
1947
1948
1949
1950
1951
1952
1953
1954
1955
1956
1957
1958
1959
1960
1961
1962
1963
1964
1965
1966
1967
1968
1969
1970
1971
1972
1973
1974
1975
1976
1977
1978
1979
1980
1981
1982
1983
1984
1985
1986
1987
1988
1989
199
1990
1991
1992
1993
1994
1995
1996
1997
1998
1999
2
20
2000
2001
2002
2003
2004
2008
2009
2010
2011
2012
2013
2014
2015
2016
2017
2018
2019
2020
2021
2022
2023
2024
2025
2026
2027
2077
2099
21
22
222
2222
222222
23
24
25
26
27
28
29
3
30
3000
31
32
321
33
333
3333
34
34567
35
36
360
365
366
37
38
39
4
40
41
42
43
4321
44
444
4444
45
46
47
475869
48
49
5
50
51
52
53
54
54321
55
555
5555
55555
555555
56
57
58
59
6
60
6093
61
62
63
64
65
654321
6543321
66
666
6666
666666
67
6793
68
6827
6835
69
6969
6996
7
70
7063
71
72
720
73
7394
74
75
76
7637
7654321
77
777
7777
7777777
78
79
8
80
800
8068
81
8196
82
83
8398
84
8438
85
8557
86
87
87654321
88
888
8888
89
8957
9
90
9001
9047
91
911
9119
92
93
94
9480
95
9539
96
9629
97
98
987
9876
98765
987654
9876543
98765432
987654321
9876543210
99
999
9999
99999
999999

# custom
17
